22014 
41 
205 
57096 
28956 
63390 
6940 
49449 
45728 
49042 
63304 
16988 
14017 
3748 
22675 
44150 
43618 
41188 
7257 
53343 
61646 
16675 
24951 
45192 
6447 
15536 
8836 
30593 
32490 
55310 
11285 
35665 
26039 
58819 
23640 
60044 
49573 
58322 
28880 
61322 
3142 
62768 
22642 
53453 
32190 
28977 
20300 
33580 
54179 
28305 
33414 
13644 
55044 
39233 
34759 
42294 
51675 
48943 
20355 
41045 
16337 
34160 
33788 
4447 
34940 
35005 
38167 
15604 
27154 
41796 
16341 
51839 
64927 
14220 
40964 
54884 
5849 
11252 
23466 
48930 
30324 
50556 
45611 
38045 
9337 
48975 
4758 
29830 
10949 
4654 
35348 
58426 
12785 
15631 
23654 
36291 
55603 
6558 
33557 
38758 
6641 
10171 
47545 
58931 
43825 
22531 
40988 
55105 
7908 
58789 
27491 
36977 
62979 
31188 
58127 
13796 
26098 
30399 
2916 
60144 
4976 
51427 
5998 
22745 
52246 
51331 
11163 
40031 
20151 
48695 
17148 
10008 
41492 
45618 
25890 
35797 
64716 
53030 
25390 
20131 
65303 
23517 
30148 
48593 
30173 
58857 
55616 
60272 
12237 
50305 
40318 
20179 
48475 
46708 
55055 
53181 
15054 
8950 
16790 
23998 
41927 
9811 
30797 
23171 
12544 
43370 
14694 
38889 
32604 
15123 
31130 
50194 
61268 
56397 
5019 
54352 
38252 
17795 
4074 
5538 
35537 
13582 
7756 
48984 
60574 
40093 
37686 
721 
53802 
39961 
6497 
58902 
41231 
14946 
64900 
63885 
48563 
3680 
19499 
64404 
61630 
12641 
10227 
54516 
16516 
12126 
26061 
45838 
15372 
19143 
30604 
23780 
45219 
48975 
18885 
25766 
4951 
52665 
6100 
51160 
9229 
37812 
60328 
22352 
21725 
32771 
53224 
8954 
61290 
41681 
25724 
62993 
12480 
22066 
62627 
25108 
6865 
4648 
47142 
6860 
49101 
53274 
47202 
27801 
14029 
63012 
19339 
53936 
28352 
32650 
32116 
23787 
26200 
28068 
47398 
53770 
64183 
5222 
38495 
58157 
6520 
44352 
55536 
19791 
24133 
12246 
6091 
55338 
39410 
42699 
48287 
35562 
21692 
58960 
13158 
26364 
57329 
28243 
5153 
39394 
28146 
47451 
36038 
11145 
11526 
61477 
5955 
5188 
33861 
45489 
19691 
30537 
20957 
62246 
8576 
47465 
38134 
15885 
9396 
33151 
63889 
48066 
9392 
408 
36646 
64083 
12883 
9463 
5680 
10869 
49068 
5675 
39476 
17434 
2567 
21880 
48447 
33000 
2273 
35691 
2671 
20914 
47641 
36248 
27477 
59425 
34084 
52262 
18774 
64887 
52100 
65110 
58125 
62054 
49200 
36435 
15626 
31157 
55897 
59499 
35250 
49380 
33172 
34194 
26359 
16259 
55491 
33114 
20002 
64123 
8663 
61357 
52493 
58300 
41546 
32937 
20774 
18893 
15163 
27302 
61375 
61683 
23370 
3598 
47549 
43430 
7724 
18856 
16847 
49878 
33449 
24624 
19787 
20450 
5868 
44183 
43313 
3582 
41013 
2259 
28879 
46019 
60215 
22776 
30350 
4636 
42298 
47119 
40439 
54943 
31817 
55767 
2476 
27415 
52102 
49738 
58427 
20433 
44391 
33331 
49079 
65252 
52204 
62134 
56381 
50241 
39591 
59358 
36358 
38902 
24651 
21096 
13053 
6254 
65196 
57212 
21428 
50296 
30439 
46915 
1925 
15860 
24443 
33133 
14070 
2605 
3969 
21374 
30852 
45116 
48652 
31807 
31771 
8694 
39637 
27520 
50703 
57318 
10317 
60390 
43413 
48170 
61998 
25426 
24724 
38213 
1378 
35527 
48373 
35755 
38390 
26812 
39209 
42003 
12677 
5487 
25621 
18962 
65342 
59730 
29706 
40798 
10899 
35069 
49991 
17843 
42675 
54872 
57100 
52426 
44118 
38321 
15642 
54259 
61257 
25788 
19703 
18952 
53461 
30506 
22898 
31051 
37638 
24166 
34105 
56875 
32560 
64249 
574 
29850 
14775 
12345 
27034 
54229 
45631 
46440 
18159 
25263 
32996 
18062 
10385 
23981 
59067 
8551 
53144 
28741 
39439 
46033 
51107 
7154 
9896 
53966 
60055 
25918 
6532 
46213 
3015 
26838 
46980 
39331 
53666 
34880 
16333 
20490 
38210 
58371 
60470 
24348 
56417 
32592 
2954 
52719 
2918 
41813 
49832 
61578 
27266 
58554 
8683 
20660 
27603 
45013 
24236 
11473 
60450 
1948 
51424 
24809 
2325 
14944 
13380 
1586 
36812 
37857 
13836 
50272 
43622 
56909 
17829 
39087 
18667 
7643 
17761 
31935 
23299 
60249 
51706 
9048 
7002 
61993 
46296 
50904 
53281 
18271 
23920 
28567 
8885 
34036 
19879 
1485 
46947 
13905 
36128 
24044 
11191 
47120 
51107 
37233 
5810 
29532 
53363 
23844 
10215 
39615 
25570 
28811 
21323 
57006 
9753 
41832 
10831 
39732 
2589 
2332 
25340 
43220 
45742 
40339 
38003 
39540 
4206 
63464 
10172 
45341 
44820 
44518 
50552 
19229 
43409 
65409 
1214 
36502 
32608 
34032 
60787 
11438 
62585 
3241 
9317 
21882 
62931 
2117 
61283 
61509 
30205 
39995 
31757 
8809 
14404 
14837 
43992 
50135 
22339 
28088 
56578 
14572 
10924 
867 
570 
37495 
30527 
36063 
13754 
59697 
29215 
61072 
5380 
58427 
34357 
61507 
60056 
18955 
33472 
36596 
2137 
45746 
59324 
33918 
34994 
23036 
55713 
50226 
47695 
3706 
5344 
12190 
24455 
64000 
49746 
47563 
1345 
37679 
50325 
10334 
11601 
32563 
1988 
49673 
57213 
38062 
44303 
23716 
9473 
3509 
52683 
39092 
11165 
27650 
47905 
40342 
42465 
24423 
23379 
60291 
1277 
31423 
8804 
62128 
20813 
9736 
48470 
3794 
55439 
8681 
56937 
12082 
63310 
64055 
62936 
52538 
33808 
64291 
48151 
1063 
19813 
59470 
17815 
59403 
59849 
60413 
12244 
52344 
51371 
27921 
55160 
46174 
34130 
43079 
7819 
64430 
60528 
13147 
34581 
45657 
1803 
54306 
2007 
4016 
60142 
27032 
36996 
59303 
24523 
38823 
46582 
27830 
37077 
60887 
7530 
27135 
41851 
63261 
44383 
17071 
443 
57030 
27094 
57438 
3238 
58591 
48032 
325 
1652 
37620 
60891 
17685 
62336 
19572 
32323 
23351 
42109 
8583 
21249 
25987 
18614 
16594 
23721 
36278 
2721 
64896 
6420 
39254 
47428 
45433 
40352 
58429 
59924 
13659 
50077 
19961 
10075 
25442 
23891 
13111 
21226 
22921 
45745 
4606 
65262 
42587 
33936 
47196 
21449 
53541 
61362 
62980 
48028 
1805 
52795 
25072 
47611 
25354 
46194 
56590 
19229 
58602 
36573 
49876 
1300 
8099 
56333 
2654 
40086 
22224 
36853 
33732 
42614 
40890 
2762 
55565 
38173 
62404 
30887 
5709 
52754 
5433 
31238 
4371 
3188 
7534 
27199 
14477 
32659 
29359 
56478 
16405 
21650 
47570 
57445 
18360 
5350 
61428 
49921 
21097 
51176 
57417 
46417 
39394 
46820 
32995 
43730 
22896 
32764 
60699 
48606 
29987 
9858 
7441 
51859 
34963 
9903 
19721 
24323 
43967 
53419 
50043 
37 
9956 
28505 
44949 
32027 
10676 
9512 
48095 
47336 
9380 
36001 
27507 
36528 
37397 
56874 
30928 
54154 
60024 
29903 
63324 
45344 
46683 
26193 
19361 
27388 
17379 
21078 
14845 
51037 
63572 
30831 
25295 
6648 
50087 
25655 
15856 
64991 
6543 
33934 
3964 
62508 
55273 
48894 
11597 
52543 
45853 
31494 
35458 
65452 
3866 
59831 
41039 
57174 
35670 
20864 
21084 
37997 
64596 
21423 
62127 
48050 
3543 
42473 
54285 
1518 
2440 
57675 
26230 
49084 
39894 
11243 
6653 
12642 
64433 
7755 
5751 
6488 
21433 
38166 
58004 
18433 
10850 
46532 
8624 
21880 
40562 
43657 
36634 
7462 
7949 
64775 
11628 
31256 
58001 
64410 
22242 
52876 
62376 
65446 
51682 
4173 
13038 
38095 
12116 
4584 
26632 
19756 
17253 
45700 
16664 
55745 
55363 
61716 
26711 
36914 
17011 
29944 
10010 
36035 
40177 
21894 
9740 
18319 
3846 
3980 
39103 
34743 
24478 
57299 
50646 
35665 
62114 
29930 
62383 
52590 
43416 
61189 
59384 
34476 
22162 
30293 
33466 
9643 
3640 
41711 
31923 
13912 
54344 
7808 
9101 
11405 
1767 
54178 
28838 
53483 
3915 
22231 
50505 
38426 
1869 
19150 
14592 
49191 
35851 
13558 
61724 
22856 
47491 
17734 
52984 
5900 
52936 
60839 
24873 
11054 
9459 
11529 
51380 
46036 
7345 
41897 
27125 
13703 
58549 
23095 
11044 
49616 
34651 
3930 
46569 
14778 
29115 
63777 
64199 
48496 
41756 
35356 
29128 
59924 
55185 
21528 
58855 
23092 
52743 
51957 
32606 
30703 
63074 
26263 
44578 
46189 
46648 
5599 
12286 
5444 
25099 
20270 
3895 
14009 
37037 
29995 
45702 
46904 
54441 
18925 
39423 
54242 
54835 
63659 
56738 
27062 
35496 
50590 
41640 
47840 
3368 
46156 
46766 
62893 
41527 
48762 
48333 
30011 
21513 
41309 
62305 
30611 
60995 
61461 
2111 
10023 
62155 
55945 
17685 
27498 
2110 
4063 
35585 
17542 
13979 
30960 
32821 
4415 
29118 
24322 
32314 
13718 
61481 
58083 
35411 
9578 
49862 
36937 
64208 
56180 
1508 
40821 
22270 
28822 
63145 
18326 
31 
7585 
19221 
55301 
64018 
39946 
27305 
58890 
4083 
22811 
42704 
32549 
31749 
14625 
17803 
62791 
49945 
20936 
5796 
6728 
9591 
30868 
4080 
61825 
51239 
42754 
64597 
50003 
53920 
25177 
49463 
36920 
37734 
14089 
32485 
44330 
30867 
6357 
10329 
39360 
22915 
40388 
5014 
7792 
65026 
33347 
24537 
35569 
61723 
21613 
11176 
12870 
56398 
18187 
9360 
9419 
59178 
30428 
35267 
20281 
46286 
18653 
24318 
25650 
764 
25057 
18307 
22795 
62003 
41060 
15733 
33343 
38233 
55541 
54834 
39484 
17475 
36437 
33972 
34242 
12425 
34485 
40284 
30916 
62867 
23268 
31643 
24629 
42489 
48260 
40431 
58058 
22016 
23300 
40787 
59822 
33956 
8877 
22082 
61717 
34218 
17933 
20051 
34338 
59872 
31474 
52853 
18100 
53976 
33089 
52725 
43967 
11467 
8614 
29645 
16502 
22599 
29297 
50685 
22904 
27718 
5924 
33704 
40666 
48425 
21099 
53859 
23704 
1215 
63030 
64444 
54861 
50042 
50401 
62338 
8280 
59707 
44685 
32042 
38155 
55649 
41920 
57763 
40147 
44248 
35010 
2643 
46946 
41874 
56171 
20341 
23731 
6156 
12989 
6296 
17562 
48133 
2818 
50847 
48037 
16051 
56837 
16684 
64647 
26581 
14818 
52783 
42215 
21433 
42936 
50804 
35106 
36170 
19996 
23385 
41168 
34965 
32868 
10153 
32593 
38352 
15313 
61766 
55785 
21916 
31645 
22104 
49591 
60738 
21144 
18794 
34770 
64960 
21570 
16912 
31840 
44362 
25495 
63032 
63336 
35041 
63010 
61264 
46365 
41246 
2495 
5120 
12809 
24232 
44270 
57149 
20637 
61659 
51489 
1548 
34389 
59917 
24699 
10439 
6903 
389 
42510 
25720 
22214 
35618 
20510 
53639 
42458 
20849 
36763 
57611 
11127 
17673 
31337 
17332 
58190 
62906 
15923 
41405 
57644 
35851 
31734 
58023 
35215 
51291 
44579 
33936 
57753 
50648 
49061 
26943 
41856 
50321 
14502 
23554 
11358 
53870 
57472 
11759 
24702 
32574 
21334 
39604 
33677 
4411 
47617 
31915 
62182 
6722 
4464 
37266 
23709 
33456 
1126 
25708 
18057 
30882 
60923 
27050 
41782 
40440 
22780 
15185 
12649 
15655 
56419 
49218 
35568 
19734 
42729 
23310 
61596 
29119 
47254 
18893 
17822 
22186 
64495 
53696 
61295 
53677 
63131 
64584 
24413 
44274 
4917 
35076 
50515 
33867 
62613 
2954 
39407 
5626 
9395 
25350 
46545 
6409 
19517 
9699 
22058 
27628 
56751 
1447 
53896 
60803 
23794 
18522 
12215 
2766 
25716 
37141 
32768 
43145 
45519 
65030 
31689 
28449 
461 
23133 
33455 
39282 
43994 
43439 
10484 
47826 
63734 
46458 
63393 
36108 
40129 
58679 
37030 
11193 
32003 
12587 
38740 
53981 
6157 
49572 
3839 
50588 
44644 
62283 
58519 
65435 
5279 
26695 
11022 
4712 
27279 
10527 
39494 
29932 
23173 
36319 
2317 
55609 
40783 
64904 
26755 
30012 
64730 
13613 
1849 
54895 
56572 
10307 
62110 
55862 
38191 
50027 
59621 
26771 
28052 
61273 
16944 
1019 
6472 
53217 
49084 
4320 
10563 
9160 
43865 
62642 
8095 
29414 
28010 
12853 
20638 
12517 
62234 
26820 
42783 
32248 
9155 
48681 
55626 
58229 
61873 
34730 
2077 
34856 
38223 
23323 
63600 
21888 
13138 
46615 
58348 
27631 
35332 
49498 
52687 
53529 
44661 
45935 
10048 
2946 
62498 
25667 
45248 
52811 
28540 
62591 
43099 
22401 
61253 
26643 
17136 
33330 
23753 
48064 
35126 
41869 
21120 
18383 
54890 
45939 
28233 
3820 
14633 
20487 
43131 
4230 
35530 
38254 
36419 
6321 
61397 
6753 
62721 
27823 
46599 
3257 
22777 
39117 
36740 
6372 
31216 
38386 
46622 
47725 
36999 
62448 
35365 
58089 
39748 
41736 
38082 
59665 
41217 
41742 
12312 
35135 
56310 
18784 
16468 
18552 
10242 
12362 
8581 
51228 
32837 
17729 
27202 
36441 
25018 
59932 
11299 
55770 
25553 
8071 
9256 
916 
43463 
20043 
21609 
2584 
57854 
51919 
30038 
62656 
28141 
9228 
4665 
3745 
17311 
368 
21432 
58534 
6500 
10320 
22496 
13164 
48110 
49802 
39538 
44268 
53989 
41667 
4878 
36745 
38315 
60150 
15833 
36216 
11548 
36970 
30201 
7588 
12879 
55626 
61823 
45193 
43615 
2095 
45760 
61696 
9244 
20205 
50002 
4751 
19093 
13105 
10428 
267 
46400 
57864 
14303 
27680 
3352 
59191 
12410 
7921 
61308 
37132 
56301 
63251 
54004 
36211 
57744 
38971 
4846 
62606 
36304 
24258 
43518 
60336 
26174 
2935 
52250 
41442 
39189 
36162 
10144 
11987 
20676 
25908 
47314 
35204 
12606 
37893 
57929 
2753 
21384 
23754 
63895 
6064 
14468 
17932 
11961 
50772 
29684 
1841 
47179 
16992 
35320 
62997 
13185 
39905 
10238 
26922 
47139 
7916 
54070 
45826 
32576 
45238 
29680 
20423 
4379 
37865 
16194 
34370 
22896 
24059 
60861 
14608 
6179 
33662 
4876 
44400 
32937 
55677 
21592 
5412 
52862 
12204 
22212 
18964 
31058 
30450 
4801 
26724 
41460 
28487 
33295 
24873 
1293 
35335 
11124 
8088 
31645 
19324 
41745 
2296 
26520 
10899 
25911 
31474 
38439 
6202 
18238 
15027 
11070 
8038 
43447 
26286 
37996 
57818 
42853 
20579 
15693 
3062 
38224 
52251 
59379 
59699 
35988 
50024 
4604 
19518 
16302 
65314 
63110 
15871 
4276 
40184 
58576 
24737 
26255 
33864 
56063 
7239 
29432 
61846 
57710 
11398 
31771 
55092 
34837 
58766 
24059 
49602 
18120 
15417 
62209 
42549 
65083 
48472 
48630 
8223 
16066 
3909 
30633 
43277 
3394 
20657 
62465 
15518 
9315 
16173 
56890 
3958 
26201 
60154 
3076 
58460 
47365 
27041 
43749 
27810 
20810 
25131 
37702 
60546 
11633 
50430 
43327 
441 
29858 
59672 
50670 
34780 
53622 
49912 
15820 
21952 
5232 
12227 
40320 
64651 
45578 
19528 
62247 
7352 
29776 
28802 
44198 
34204 
2529 
31125 
50080 
28208 
54509 
20048 
20459 
7219 
13569 
19748 
43578 
6350 
12321 
60058 
15479 
55359 
38928 
13699 
17153 
23178 
41791 
122 
6125 
59800 
7671 
60677 
31884 
53460 
3201 
54896 
21429 
59779 
44889 
30814 
27868 
37457 
9071 
62208 
6774 
22310 
13980 
32530 
21427 
63365 
21246 
58458 
56093 
34807 
52166 
21534 
10326 
64769 
6268 
27081 
59709 
36948 
40765 
17553 
48435 
54137 
45276 
33407 
60422 
15958 
25166 
54290 
21295 
49184 
50371 
64634 
60087 
25874 
50575 
17333 
43315 
41997 
43726 
38109 
36743 
39451 
30142 
36198 
22540 
34413 
42012 
18091 
39329 
42639 
37981 
64918 
53134 
50709 
46369 
28829 
21105 
29459 
11657 
23459 
8270 
51490 
23986 
36094 
16792 
40480 
31982 
26657 
50468 
25561 
26695 
19334 
40464 
296 
23194 
20371 
59441 
40733 
57758 
41525 
23502 
13301 
5961 
41754 
4 
60419 
27864 
1531 
42205 
54026 
33948 
27507 
8471 
46870 
46650 
43611 
23079 
25659 
50218 
30627 
52187 
8171 
9120 
39163 
200 
48952 
61598 
30037 
63136 
58131 
57549 
44764 
24625 
10955 
47408 
6332 
65039 
9977 
10246 
1517 
60528 
1678 
40613 
8024 
18104 
58464 
30206 
8762 
36728 
50808 
23544 
9060 
40489 
10019 
23371 
4527 
29208 
61934 
35845 
59997 
53186 
33103 
20574 
39238 
55817 
19751 
38594 
28420 
22720 
31909 
4234 
60446 
3249 
8136 
7066 
47220 
53139 
30253 
2389 
63583 
11836 
29680 
57766 
1699 
15219 
39711 
10088 
9244 
23280 
34094 
38190 
22718 
46196 
45469 
17617 
43856 
52834 
54318 
13541 
26552 
43643 
44687 
51370 
49374 
10794 
31530 
33022 
27850 
7303 
45559 
62887 
524 
57810 
47399 
40044 
15033 
15817 
55993 
49522 
19505 
31700 
31629 
10623 
32960 
36565 
7329 
48965 
53685 
40966 
42609 
10282 
52275 
62089 
26557 
4070 
56439 
30057 
53769 
8031 
38676 
38252 
12308 
62143 
24019 
61774 
51980 
4284 
21623 
62168 
55733 
23242 
8408 
38673 
16492 
22951 
22577 
29235 
2788 
52484 
7822 
37140 
41471 
53040 
44071 
43678 
1664 
49906 
61991 
40069 
773 
50181 
13837 
55857 
32552 
24535 
23784 
14391 
39466 
60744 
39045 
13300 
44971 
60825 
42369 
16345 
47062 
49903 
16954 
21627 
6920 
31146 
30130 
6439 
59212 
10802 
20156 
4616 
5705 
40757 
9204 
3727 
51955 
47458 
4228 
54105 
16523 
57664 
22136 
41464 
23764 
61929 
11625 
34554 
17901 
8732 
45181 
39537 
752 
1416 
50731 
12639 
45539 
26952 
35261 
14202 
60434 
24931 
35998 
54517 
45049 
22263 
15101 
20358 
35278 
742 
19992 
7352 
34707 
20243 
41707 
30924 
44981 
54842 
13158 
26193 
22726 
18380 
49531 
9528 
20295 
3839 
61574 
36997 
54381 
22075 
12509 
49194 
27246 
53844 
1717 
22355 
59954 
14907 
40143 
58987 
2819 
5110 
57960 
22194 
60122 
18454 
35273 
54907 
827 
62442 
43931 
21119 
40693 
49819 
35993 
44056 
46955 
27039 
2841 
9325 
3668 
29070 
2320 
32515 
19601 
25112 
26768 
59264 
10135 
38012 
13296 
17681 
10265 
39398 
45947 
43211 
62736 
58301 
65230 
26787 
2352 
2054 
43847 
40489 
62939 
56438 
11423 
24269 
57041 
12479 
9141 
41068 
61402 
44939 
27136 
25311 
39256 
6181 
6386 
33344 
38187 
54882 
49476 
42611 
13250 
48787 
28042 
28844 
14022 
17881 
48413 
13814 
14206 
64890 
62367 
41779 
14080 
62405 
46127 
57076 
29320 
5986 
51553 
45439 
7469 
45422 
49703 
38938 
33443 
64463 
5943 
28086 
16221 
53900 
2068 
42276 
20750 
57810 
55650 
12589 
62091 
31456 
16539 
23749 
55686 
58954 
5848 
19902 
55715 
28946 
18721 
12921 
56132 
57501 
24689 
23414 
58331 
65062 
12915 
37433 
24440 
34865 
7279 
42639 
23394 
57737 
25024 
60103 
42032 
40346 
8126 
39389 
51786 
34837 
56545 
1299 
18108 
13004 
56235 
49708 
40193 
15950 
41172 
31836 
61164 
13579 
3112 
39547 
6906 
3440 
2361 
61534 
9634 
36427 
21044 
25824 
46297 
52136 
41920 
50563 
15736 
13918 
2418 
52007 
16775 
59134 
13715 
45451 
58457 
2518 
25062 
10153 
26528 
39426 
25483 
60878 
48116 
16584 
1979 
15909 
41389 
50838 
60320 
11863 
28891 
56495 
27859 
58172 
28303 
2083 
60414 
24197 
36799 
20641 
39581 
2195 
32731 
425 
54004 
10875 
7684 
27695 
40265 
39229 
14716 
44079 
123 
50883 
61092 
25550 
58336 
50178 
33731 
61263 
55055 
1777 
24127 
41970 
4502 
11169 
23766 
4231 
19982 
46787 
40826 
21139 
40551 
47035 
53068 
35049 
55436 
41016 
33910 
16567 
26501 
38419 
57855 
42582 
52018 
28115 
1855 
9756 
11325 
50008 
35230 
28150 
227 
21962 
61948 
8619 
40723 
65463 
51284 
41877 
3425 
48516 
37589 
58663 
30335 
42403 
14023 
6631 
24065 
24589 
2040 
58762 
22992 
15478 
13278 
54771 
2560 
60986 
6316 
46493 
50848 
58691 
54240 
42276 
58372 
64018 
56830 
25064 
55101 
54678 
8764 
17777 
42532 
4169 
50178 
11263 
38626 
60869 
31664 
4777 
35879 
23508 
58300 
11161 
32146 
3107 
58236 
40105 
23664 
30234 
37176 
56060 
35548 
4584 
12616 
30736 
57836 
13704 
23775 
16384 
46847 
26039 
22502 
3308 
18525 
21578 
16912 
34899 
32839 
53233 
24432 
41201 
11199 
36323 
24224 
58156 
17782 
17823 
15272 
34029 
41769 
39229 
55416 
36617 
30741 
42329 
55884 
31143 
43775 
21914 
7516 
13026 
953 
52291 
19242 
52043 
7890 
1083 
43735 
54348 
58091 
62141 
48296 
24639 
33293 
30275 
19994 
46890 
29908 
33545 
1362 
55307 
2034 
12371 
12764 
56340 
32201 
52413 
661 
18870 
5160 
52516 
64624 
1266 
9655 
7057 
29541 
43979 
24970 
22717 
6812 
13748 
52815 
15941 
41582 
50749 
8520 
16265 
39638 
41779 
26015 
45379 
29620 
41512 
49625 
51053 
30002 
36467 
1717 
55500 
15244 
22249 
12531 
28747 
48128 
47021 
10591 
54116 
6795 
64023 
36565 
34413 
47172 
2004 
12308 
20379 
5807 
62730 
61425 
50732 
12588 
45249 
59603 
29933 
7777 
53546 
51934 
49581 
9974 
34899 
17709 
22908 
8492 
37272 
47033 
57057 
25383 
3289 
10087 
16935 
5383 
52210 
48238 
30751 
4206 
38916 
25562 
33009 
26701 
1665 
44322 
14335 
25157 
44819 
16085 
16741 
4786 
30506 
46144 
13344 
3044 
22073 
35504 
24031 
28340 
64028 
11570 
50365 
3547 
64525 
32236 
9936 
28939 
12392 
26612 
52397 
15993 
51494 
7627 
58328 
65290 
65382 
37846 
8034 
41031 
57821 
9597 
30413 
28707 
1196 
24202 
9588 
54323 
45037 
32314 
64976 
46567 
54887 
60103 
8258 
23633 
22650 
35435 
17794 
20245 
39057 
43686 
33401 
5080 
59264 
36623 
45509 
40051 
41318 
56267 
50612 
54594 
13152 
19976 
59379 
9638 
52366 
10856 
63564 
48007 
14290 
47271 
18896 
13007 
41007 
6065 
47699 
3429 
30750 
4032 
52845 
23296 
22345 
64436 
53372 
7397 
142 
38658 
38588 
32257 
63066 
62247 
54682 
58817 
23197 
19372 
46128 
63707 
40592 
53655 
21490 
34323 
60442 
39512 
30347 
45805 
43066 
62121 
32641 
45383 
18784 
44007 
5952 
49425 
13224 
39393 
39309 
45296 
55548 
39127 
36230 
2947 
44986 
32872 
23248 
60856 
59926 
10451 
51980 
839 
14648 
59806 
43755 
32164 
9469 
24303 
19594 
12582 
49164 
35041 
11510 
28083 
6314 
37192 
43417 
31306 
10308 
13907 
24508 
31175 
37622 
58378 
42955 
4319 
9357 
58266 
59394 
55883 
51055 
52847 
57185 
20527 
15340 
51713 
31399 
34844 
56030 
51411 
55992 
60945 
55684 
10036 
21907 
58808 
37993 
13295 
30826 
46883 
53698 
46941 
22612 
26324 
37060 
53277 
29370 
51994 
46680 
39808 
13473 
32300 
5682 
30790 
45951 
2108 
1918 
25967 
36019 
25573 
63951 
11439 
17602 
14035 
27886 
634 
16122 
62521 
13888 
57848 
13012 
51866 
22232 
2993 
24712 
55854 
6611 
50105 
52931 
33350 
64732 
18376 
61004 
24506 
34916 
8377 
23805 
42760 
44191 
59097 
17282 
28819 
45973 
65160 
711 
52930 
24103 
1750 
19816 
39343 
46832 
6832 
14230 
16348 
45705 
60673 
49268 
27519 
51784 
13380 
29067 
53504 
55251 
11369 
20461 
647 
28263 
3290 
6274 
33790 
50488 
55191 
14611 
40289 
44264 
56665 
35838 
62753 
42119 
27576 
42471 
13752 
51654 
54735 
52850 
28590 
36420 
63418 
20242 
32129 
44187 
62939 
18063 
27845 
13250 
42954 
38247 
64403 
39522 
30277 
54029 
37149 
19899 
17546 
36495 
1233 
45246 
20328 
7818 
57161 
24527 
13920 
57419 
50393 
29531 
3538 
31087 
64231 
41705 
46690 
22310 
11276 
19250 
39298 
16915 
31600 
41994 
22547 
1731 
3915 
4296 
37295 
29875 
18461 
56848 
13525 
41490 
20300 
5232 
19016 
36837 
32951 
56808 
7978 
1777 
28439 
56684 
35858 
33558 
58906 
53409 
43787 
42415 
3060 
36174 
64784 
44031 
43676 
3758 
26571 
6292 
53518 
55337 
32716 
4509 
7447 
445 
40642 
39543 
10050 
64927 
60230 
42796 
25042 
22071 
45537 
25860 
10533 
25083 
9160 
53338 
21091 
48601 
40248 
60444 
48668 
20092 
50668 
48226 
9603 
7608 
55866 
64040 
52739 
19369 
56154 
15883 
37806 
28202 
44095 
37602 
12596 
9690 
41862 
40248 
29292 
18812 
51185 
26312 
38838 
57830 
6724 
37415 
61250 
2680 
42633 
50185 
10695 
49736 
29643 
24639 
23713 
5531 
13621 
52678 
1033 
59586 
31021 
25559 
24905 
57489 
15922 
33351 
51736 
55785 
42135 
28169 
43846 
14918 
40846 
61096 
40447 
28096 
31468 
39743 
6964 
24096 
32368 
53738 
56689 
34287 
7215 
30360 
24758 
58571 
59991 
52597 
33301 
43609 
62303 
23049 
51524 
34027 
29612 
62818 
46197 
28014 
4220 
7484 
35916 
14477 
11998 
17545 
8361 
23505 
32956 
42119 
59134 
37229 
46471 
25612 
353 
56653 
14375 
64486 
42317 
6280 
55250 
36055 
34007 
54368 
55965 
25188 
6067 
50852 
53621 
46485 
505 
2211 
24500 
53187 
23736 
56289 
39954 
4266 
18325 
59926 
25989 
52915 
33461 
14075 
27166 
2211 
29239 
18244 
9815 
62205 
54389 
59708 
40970 
26732 
54004 
6815 
22217 
46724 
12564 
5569 
623 
24681 
36639 
16364 
42664 
13611 
22962 
22592 
49634 
30821 
5729 
37685 
36410 
52296 
47693 
62691 
21987 
56248 
20516 
35337 
45285 
35525 
35670 
48558 
20395 
33044 
10266 
9267 
10057 
40793 
40424 
25469 
44033 
26681 
56521 
1045 
46919 
13258 
10919 
64895 
5455 
41396 
54447 
41923 
60632 
41149 
42510 
37446 
24491 
34024 
19094 
28192 
52639 
25523 
24955 
8887 
44623 
6985 
12115 
57654 
36767 
25857 
54499 
21840 
23272 
47751 
58493 
4322 
51899 
49157 
18690 
39446 
8081 
57211 
43188 
208 
34328 
63815 
40258 
21923 
16823 
40705 
57858 
51086 
63393 
50996 
37440 
55972 
65068 
18320 
1923 
20326 
40043 
17791 
19208 
48995 
34698 
36861 
56941 
10281 
62443 
58978 
25787 
54111 
20174 
23501 
48680 
22911 
13098 
53499 
64612 
10585 
57197 
33398 
3409 
31792 
14748 
64403 
34744 
6510 
1146 
35629 
36998 
15352 
27162 
25138 
2107 
61930 
32798 
13744 
38232 
41761 
53273 
53095 
45167 
51654 
40621 
14179 
54702 
49391 
5345 
48771 
32740 
13969 
14534 
60112 
44119 
27268 
61190 
40320 
35348 
49665 
25257 
38905 
61742 
31866 
19411 
2857 
53580 
18028 
41748 
13328 
4536 
28369 
28141 
50588 
45536 
1693 
47047 
54422 
65019 
17313 
54129 
14923 
54219 
62219 
13054 
20219 
12957 
44903 
60956 
39305 
44630 
9626 
33514 
13413 
65215 
57469 
1322 
8725 
62127 
33110 
32721 
40582 
38759 
44622 
22396 
45831 
8119 
49812 
62487 
65035 
9277 
58052 
6991 
47576 
45166 
21391 
43216 
29977 
25606 
62758 
43409 
31995 
9621 
39195 
62080 
19128 
26307 
63325 
38198 
57616 
50169 
50699 
17830 
42823 
5510 
36657 
6228 
27966 
28344 
65017 
32088 
12347 
28178 
44585 
43745 
60277 
21895 
48001 
37261 
22479 
49338 
7836 
58380 
53131 
33779 
7088 
194 
12887 
37499 
56645 
39124 
24431 
49965 
58524 
29957 
17478 
47881 
4256 
32797 
63503 
22378 
9689 
43469 
48545 
843 
12998 
11240 
6679 
21110 
63271 
50383 
28376 
57235 
7968 
22582 
48235 
19813 
52329 
17401 
1135 
54458 
52344 
32340 
53461 
58453 
28289 
28401 
58847 
34173 
7208 
29582 
39695 
51918 
44669 
43535 
41159 
2939 
506 
13107 
7132 
59584 
46733 
18032 
48184 
13342 
32092 
65510 
21151 
3428 
39184 
22157 
23041 
20872 
38273 
59182 
33612 
19809 
25363 
54274 
3584 
34709 
46088 
19071 
24891 
20867 
9960 
29168 
32328 
61467 
37254 
15586 
54855 
59599 
55910 
696 
47293 
574 
928 
27751 
2396 
7321 
31709 
49934 
2566 
56885 
10104 
44605 
33661 
29022 
23433 
53307 
17716 
4832 
60667 
52472 
6945 
14620 
31581 
33597 
7568 
22307 
24101 
21293 
11027 
60945 
28677 
48084 
50740 
54243 
25915 
53052 
60357 
23294 
51538 
51967 
48495 
1409 
45476 
59978 
9629 
58636 
58838 
36484 
37023 
19776 
52816 
6474 
59419 
46909 
33383 
12413 
3311 
44494 
58425 
2956 
41807 
38273 
2475 
42558 
29255 
43850 
60517 
27164 
39563 
7136 
16725 
18709 
10806 
62595 
40966 
12470 
10408 
31255 
1616 
43777 
40457 
440 
46380 
5817 
4530 
28402 
40300 
41315 
48689 
1653 
41911 
5513 
33557 
6747 
63952 
56522 
8093 
3731 
25474 
46000 
25355 
25005 
48945 
24349 
23644 
12521 
52885 
10686 
18886 
47623 
57985 
46953 
6853 
14209 
17274 
40229 
50836 
7284 
43142 
6360 
22146 
7451 
22224 
22485 
22748 
1266 
42396 
25611 
39330 
43101 
19787 
16880 
27093 
40914 
21820 
16970 
48467 
33341 
12257 
22170 
49619 
29089 
28476 
1705 
46686 
47328 
26874 
32891 
31921 
3798 
55617 
60127 
50988 
37105 
55375 
28678 
23449 
25718 
52560 
1385 
38726 
60429 
9393 
62056 
34448 
3791 
14553 
26683 
35173 
43193 
3051 
42053 
16901 
64753 
58673 
46069 
54021 
39297 
41591 
36445 
23619 
31009 
64942 
6506 
42490 
22959 
52798 
7310 
18357 
12611 
13602 
44190 
18863 
13093 
36636 
42206 
61175 
38812 
17791 
33572 
51694 
25239 
20531 
9433 
33831 
19251 
41809 
51775 
5713 
62878 
13931 
26961 
5443 
29208 
31489 
57630 
17583 
15458 
26446 
24493 
60716 
49990 
41058 
118 
2938 
2143 
42204 
969 
3173 
23692 
25223 
58760 
63281 
18655 
51344 
12154 
33691 
45371 
6950 
42379 
22730 
49656 
31773 
49634 
15755 
50818 
22240 
34448 
53313 
1571 
36202 
17880 
27103 
60578 
57304 
52199 
45064 
38246 
10748 
19335 
48115 
16433 
61084 
31593 
45580 
26944 
23018 
32481 
63770 
56494 
63366 
31111 
37620 
60004 
41160 
40667 
52203 
12660 
7739 
49942 
13563 
17894 
50494 
15004 
61871 
18001 
63778 
62527 
60849 
27280 
45641 
38904 
62486 
41722 
12331 
62765 
41904 
6788 
36436 
15007 
6722 
30887 
35558 
22787 
6708 
32614 
20475 
20199 
49847 
56171 
26265 
48682 
3016 
46761 
34922 
19166 
42098 
3737 
37660 
42020 
12845 
19478 
36592 
56293 
10632 
43713 
46805 
22395 
27326 
5467 
44257 
23585 
5170 
20150 
53762 
49977 
45085 
32590 
39452 
12717 
46068 
36871 
8235 
56748 
34102 
23678 
33990 
9400 
63801 
37524 
22073 
53694 
7001 
51036 
61336 
10103 
42240 
46712 
28820 
12023 
18200 
25151 
11159 
3471 
56173 
6183 
59355 
19595 
33424 
7103 
58129 
21528 
65004 
32701 
44022 
21347 
20940 
62771 
2640 
3194 
3141 
30121 
47409 
37577 
11725 
26494 
46328 
415 
21414 
62673 
50985 
51437 
44476 
29444 
15745 
47458 
49878 
14740 
52090 
65010 
61899 
3219 
34468 
8171 
26327 
40206 
38637 
64270 
44839 
56028 
45445 
8877 
28066 
61355 
12886 
14057 
47220 
13403 
5861 
3339 
36418 
6493 
37983 
14130 
44845 
60232 
27678 
62562 
19058 
53475 
7129 
54680 
36420 
20614 
47906 
14234 
30610 
62347 
57560 
9191 
52082 
57454 
22079 
16590 
30714 
21868 
40598 
8646 
20616 
19820 
32478 
55575 
10605 
61322 
40170 
24037 
19792 
56403 
7283 
39154 
60252 
40320 
17982 
48143 
52861 
9770 
62271 
41946 
43669 
6348 
56918 
54412 
24759 
19690 
33849 
29149 
10657 
45654 
62410 
45799 
21311 
23239 
36623 
27054 
31443 
38372 
49610 
45266 
14522 
60335 
50908 
2047 
15730 
22238 
61118 
14626 
47543 
12308 
18408 
40629 
14675 
50536 
14301 
57850 
62542 
31791 
23491 
58793 
21793 
23205 
65200 
20362 
30588 
35013 
37439 
31911 
8310 
26887 
526 
44346 
50560 
25375 
54161 
57835 
47521 
400 
46886 
32956 
64897 
18606 
20183 
51170 
5661 
30182 
26141 
14581 
14863 
38873 
16068 
47107 
44306 
622 
64358 
36641 
38844 
18560 
34095 
17785 
26930 
51951 
18485 
44857 
2218 
2935 
54606 
30249 
47841 
30741 
63312 
34474 
40148 
53285 
38775 
36081 
20697 
40732 
37389 
22334 
32567 
1731 
10456 
19424 
65260 
64553 
60381 
29907 
51719 
18331 
8418 
26675 
30421 
28826 
41129 
47917 
7077 
9175 
5008 
2342 
1514 
32524 
51759 
65055 
60566 
15571 
3894 
2006 
33988 
46737 
8338 
32012 
43934 
26876 
36742 
37702 
64652 
21975 
53839 
52870 
43934 
56419 
18381 
27545 
18957 
46881 
10048 
38778 
47165 
1930 
61477 
43797 
8066 
20923 
40262 
26149 
10259 
65373 
14666 
3582 
54287 
35520 
38901 
10478 
54558 
39968 
10644 
27841 
2155 
46446 
17705 
15851 
33016 
17775 
5989 
133 
1797 
13725 
62619 
16360 
43486 
38486 
10111 
32022 
24186 
17272 
30397 
32594 
42090 
46559 
4223 
25505 
41517 
50586 
8138 
18905 
21824 
28624 
57312 
13336 
56044 
28606 
26086 
8831 
18018 
33837 
55770 
2731 
4055 
9764 
6760 
56547 
25706 
23447 
44610 
50037 
11798 
55581 
38132 
4223 
16187 
38213 
62887 
29007 
12356 
49333 
7331 
17467 
46371 
23393 
48708 
6297 
8546 
60555 
42957 
63599 
4379 
28831 
13385 
46171 
9583 
55424 
51487 
33527 
41157 
17203 
10477 
7353 
2093 
19187 
28989 
41346 
43394 
30514 
50144 
59812 
44255 
59285 
52538 
30083 
60768 
62718 
8737 
40149 
58754 
17903 
15780 
51764 
26310 
46753 
2916 
50896 
48071 
39514 
19818 
63186 
18197 
19100 
49673 
14654 
59948 
53517 
56552 
40524 
65013 
11059 
13142 
35966 
57129 
43485 
4062 
2550 
31667 
6492 
941 
20175 
45771 
4832 
54072 
5977 
64196 
23927 
9850 
58308 
64746 
56722 
2942 
18579 
36884 
33380 
22160 
126 
29458 
17312 
35580 
35940 
18913 
28313 
24953 
62761 
2426 
4096 
51525 
62960 
41207 
25570 
11474 
20676 
245 
9085 
3772 
34778 
53750 
19907 
1203 
8067 
21485 
39023 
24771 
37423 
41402 
5152 
37238 
9264 
55347 
2810 
31507 
16090 
7451 
56993 
45565 
53277 
24402 
41483 
49068 
23799 
33381 
48621 
22779 
3540 
48919 
59334 
22545 
56079 
25382 
4560 
29990 
60272 
6459 
2605 
9718 
28453 
1880 
65347 
28450 
26584 
36121 
13406 
36051 
25618 
16627 
43606 
48918 
10776 
15964 
29156 
7183 
39181 
48967 
12882 
60152 
17242 
51867 
37219 
6643 
35619 
26210 
31396 
35845 
5831 
39409 
51921 
20342 
45898 
65411 
6892 
1363 
54206 
62657 
41843 
60978 
2085 
37439 
43505 
63076 
39300 
6922 
6942 
13840 
17303 
11800 
14889 
29875 
15431 
14191 
9546 
9358 
6407 
58590 
24986 
45002 
29891 
33597 
1356 
51975 
37748 
267 
52941 
17956 
63874 
623 
551 
18150 
44352 
19653 
36210 
46869 
43206 
19427 
13085 
39980 
8916 
46459 
65359 
59954 
21388 
48627 
2657 
20869 
30967 
32667 
35423 
55254 
36324 
31054 
34294 
38347 
39987 
20621 
33830 
46460 
9553 
59459 
46676 
12858 
49635 
36250 
38833 
32833 
41069 
39025 
43587 
2624 
17503 
28754 
37339 
26745 
37439 
33880 
48500 
22091 
57754 
55127 
24098 
9433 
55617 
42759 
44024 
44068 
23179 
42221 
5041 
30351 
43482 
2425 
34878 
3350 
58262 
60759 
16680 
36505 
7023 
56579 
21001 
5310 
55250 
41553 
50140 
7700 
1739 
50889 
43170 
20014 
11575 
45515 
17162 
58448 
64253 
9207 
40627 
27637 
23565 
40270 
35287 
39986 
40776 
50967 
10590 
47943 
48026 
27305 
3085 
65066 
56584 
61599 
606 
26276 
4345 
18292 
34051 
43924 
1428 
60367 
17066 
32199 
3507 
62416 
14749 
22327 
45897 
14722 
606 
49541 
51590 
31887 
21881 
25588 
39988 
13757 
685 
15475 
25917 
52772 
53048 
33933 
8455 
16295 
44934 
33034 
25016 
33306 
26403 
9625 
45227 
14328 
15257 
49613 
29996 
59328 
38485 
46922 
55396 
43935 
32139 
36035 
45987 
42952 
7809 
13585 
17225 
28172 
1617 
14678 
9892 
20397 
33552 
24767 
4686 
10821 
49152 
4491 
55320 
65247 
25270 
22034 
30938 
61815 
64017 
46753 
7474 
40101 
41754 
8672 
34859 
59782 
54486 
48531 
58642 
64029 
11993 
53133 
20305 
56955 
14846 
13122 
15925 
24852 
44158 
41678 
14388 
3888 
17472 
4193 
46598 
56079 
4113 
21652 
8243 
41046 
32437 
31861 
61981 
64677 
30632 
15555 
65046 
5109 
16994 
55531 
42023 
60559 
51650 
21122 
12282 
4274 
54710 
62712 
32101 
48178 
45600 
17824 
9381 
27584 
40258 
3677 
509 
64921 
4249 
1801 
2937 
61318 
49593 
61932 
10955 
17490 
56464 
3922 
33735 
12400 
40085 
8359 
32634 
24041 
8168 
43456 
16078 
1959 
1161 
8599 
21109 
6316 
42614 
38790 
15906 
44481 
3504 
11207 
20810 
5846 
49429 
51413 
24084 
37387 
57973 
38387 
50643 
12580 
60468 
24958 
252 
63821 
31309 
59631 
19873 
6203 
54124 
58615 
13402 
64889 
34265 
61694 
1065 
23731 
55816 
37383 
55552 
18076 
49661 
62440 
41755 
8438 
62558 
34330 
40431 
39187 
60565 
14435 
24633 
6266 
41148 
11990 
31774 
40616 
24839 
13818 
25767 
32495 
24684 
1559 
20028 
25409 
64825 
22289 
30939 
38022 
38751 
7147 
8214 
48339 
23577 
17719 
41261 
41465 
32268 
8026 
22328 
35551 
39249 
5161 
44311 
21713 
16610 
10329 
14135 
27704 
37880 
60877 
37435 
22513 
30986 
42816 
32491 
47289 
18262 
11305 
17712 
1730 
27004 
4010 
36515 
11492 
6799 
53596 
29217 
12666 
45596 
64894 
33373 
28442 
55417 
6633 
65151 
26694 
34090 
25397 
18394 
1621 
46344 
34916 
33480 
4104 
63553 
43969 
60465 
47476 
15836 
17301 
17073 
65504 
8973 
65018 
50585 
9576 
36045 
43959 
12212 
42275 
5369 
27061 
48235 
13753 
15298 
19387 
23794 
48988 
50325 
5910 
43390 
49215 
31729 
61944 
20051 
57563 
33908 
48140 
242 
24639 
61146 
33426 
24053 
15304 
34138 
60928 
6877 
57041 
256 
39704 
189 
19386 
33788 
64019 
187 
56161 
12185 
5767 
9647 
4414 
52542 
53140 
5547 
17141 
37723 
4305 
12772 
11563 
50219 
13572 
36248 
59157 
20111 
49085 
21703 
63568 
20330 
34260 
47784 
39902 
9824 
56527 
60676 
41946 
30310 
292 
53906 
63155 
18380 
45132 
9864 
9478 
25693 
40751 
38098 
64613 
6485 
17476 
10739 
24780 
44601 
25966 
48241 
17877 
12306 
6918 
33521 
57241 
60735 
30091 
21006 
43653 
22190 
33685 
27972 
44851 
22102 
30866 
13644 
35565 
15354 
59041 
40120 
25485 
10781 
40691 
8847 
49150 
8350 
50092 
3929 
47481 
53933 
62269 
61544 
42646 
4211 
44069 
20525 
49566 
12498 
13133 
47895 
64768 
48580 
65159 
27315 
37904 
44405 
64402 
46587 
32459 
48660 
17839 
63200 
28776 
17577 
38334 
17864 
46279 
37073 
64915 
9626 
20888 
13200 
15871 
2680 
64559 
29788 
13542 
28983 
1414 
55830 
31624 
44339 
57231 
58273 
16052 
25933 
13246 
61486 
40485 
52162 
40061 
26933 
22121 
54380 
47203 
32513 
2080 
37512 
13460 
44446 
28260 
25362 
33191 
51177 
53100 
55248 
34851 
32562 
59523 
8817 
33838 
48360 
59915 
30668 
38153 
14984 
64434 
62089 
46518 
3213 
12125 
10179 
21961 
61389 
62008 
24349 
25780 
7135 
38624 
47753 
57482 
44475 
60399 
2395 
24980 
6335 
22594 
59524 
57376 
3996 
28240 
3331 
46034 
14680 
27158 
47844 
24124 
6643 
22462 
103 
16365 
58184 
24131 
51604 
12921 
37603 
37802 
61259 
9810 
50555 
64298 
37802 
28573 
62161 
47879 
2490 
37397 
12116 
61436 
64446 
10002 
9202 
51146 
36152 
14962 
33908 
6019 
52402 
34958 
8071 
28939 
902 
35287 
41983 
12835 
46836 
38376 
58453 
2403 
12099 
61269 
62050 
54876 
51211 
2923 
10056 
8682 
4260 
60097 
31487 
18059 
59788 
8789 
11519 
6315 
34923 
40036 
45303 
50848 
62972 
62056 
51997 
6104 
43533 
53151 
8185 
4484 
1915 
62533 
3638 
52862 
19600 
18773 
23960 
56467 
10054 
36981 
6383 
60618 
679 
33615 
36413 
49765 
17165 
5786 
6803 
11272 
3760 
30855 
16113 
43199 
51498 
63242 
7822 
29737 
54288 
30120 
28321 
14293 
12481 
42950 
30004 
1433 
63763 
25453 
37297 
16807 
59531 
17445 
53596 
18618 
3773 
49211 
20256 
10652 
30354 
10641 
44983 
4974 
18188 
653 
36069 
16006 
14273 
23821 
63605 
45249 
53168 
47060 
41060 
50433 
64063 
11198 
1972 
7059 
38812 
7634 
55379 
31521 
62835 
43300 
38236 
25714 
49216 
33645 
600 
57234 
33250 
57233 
4290 
2721 
2134 
52677 
32418 
8378 
10824 
35424 
39783 
50966 
47194 
14992 
18822 
37064 
394 
40727 
27573 
13026 
18557 
37708 
8626 
63921 
18589 
42459 
42102 
9189 
34159 
37107 
25936 
12118 
567 
18195 
2545 
57616 
54236 
64711 
35003 
29720 
38299 
34392 
48026 
19276 
47065 
17284 
26943 
19794 
14924 
52124 
60193 
30002 
28895 
27507 
17253 
43535 
9009 
11128 
16879 
20935 
39261 
15451 
42143 
53329 
3544 
16884 
21446 
48921 
17980 
61559 
3937 
65206 
20859 
32783 
11034 
41766 
49399 
12080 
58963 
13144 
65327 
36126 
42436 
42363 
28063 
21526 
57342 
40254 
35125 
44834 
17052 
18218 
39401 
18427 
52704 
61769 
23773 
21441 
55655 
53908 
53939 
59712 
38241 
51283 
31174 
50971 
30514 
11406 
13462 
62491 
37745 
59567 
42956 
60133 
33048 
50493 
43833 
29222 
54481 
33994 
16530 
53665 
38503 
57229 
54687 
28085 
37804 
31806 
3084 
28826 
64824 
219 
46688 
44618 
51023 
15523 
14030 
30836 
703 
53564 
48468 
6643 
22904 
24582 
22481 
30603 
14947 
58294 
12031 
35036 
50241 
57378 
48630 
10972 
23106 
10793 
9833 
27741 
28323 
40764 
11443 
63718 
659 
51494 
60449 
37913 
51047 
3523 
23522 
50522 
60486 
32834 
3751 
3443 
36083 
41914 
44777 
15836 
26331 
24545 
23762 
57395 
62800 
42367 
11341 
22137 
39737 
41192 
2882 
49351 
33122 
38663 
35655 
45527 
27389 
12029 
30158 
29158 
35718 
37976 
4152 
15393 
51705 
10460 
2926 
42525 
18629 
40983 
27830 
20378 
39267 
64824 
19543 
30994 
27517 
35951 
8405 
48022 
39651 
3157 
9071 
57711 
25377 
31927 
19651 
19 
64314 
8697 
1363 
64861 
53142 
40151 
39845 
35450 
16232 
45786 
28991 
30743 
34943 
33785 
54494 
52639 
31827 
42502 
49364 
25553 
30106 
4166 
29648 
22856 
12889 
41271 
19121 
29913 
39045 
41308 
18027 
33549 
12993 
57126 
4974 
64404 
36387 
39612 
25338 
18076 
25442 
49949 
31253 
65012 
54189 
18385 
11144 
2827 
62628 
29211 
27649 
58705 
14148 
31556 
12960 
36465 
31501 
9591 
24963 
44308 
18296 
16581 
4522 
55323 
44741 
28160 
28357 
48913 
27921 
6104 
38270 
33392 
46952 
63402 
63759 
13900 
52418 
7974 
25776 
25628 
36503 
33403 
7489 
23262 
49268 
36261 
37043 
54525 
34601 
4944 
26465 
54338 
54401 
23756 
51732 
41852 
11584 
26696 
476 
43538 
50481 
48394 
32307 
49920 
47196 
37390 
10650 
29376 
48888 
62436 
26799 
13223 
34547 
4769 
9438 
45728 
20969 
64344 
21239 
6592 
24440 
31420 
26396 
24743 
27452 
36402 
40854 
2308 
18727 
476 
21292 
668 
11460 
48547 
40405 
35976 
19782 
19513 
9885 
8141 
11103 
50046 
15919 
18402 
59382 
16947 
7576 
32542 
19282 
54878 
16798 
20303 
59025 
61347 
11252 
5637 
2836 
25563 
6511 
30909 
62890 
31851 
46121 
14596 
16593 
10626 
19960 
57670 
31740 
57377 
65251 
40735 
50395 
55343 
26424 
54518 
12515 
8124 
59824 
27298 
15697 
14631 
37854 
39956 
65236 
44275 
5419 
25297 
22680 
35107 
41606 
34234 
59860 
55944 
41353 
50619 
51827 
14392 
59248 
45895 
9738 
63400 
53563 
12614 
65238 
3879 
1875 
11284 
28217 
64876 
16316 
7063 
7565 
36608 
41382 
36136 
29766 
44723 
39043 
43624 
50813 
46229 
26350 
58558 
57653 
22431 
21575 
50081 
54672 
2586 
64712 
28455 
59102 
48131 
25275 
48941 
51912 
31441 
43469 
18272 
35351 
45392 
52844 
4280 
53163 
2224 
597 
25969 
54990 
27171 
19573 
42019 
44551 
51704 
4578 
12350 
54961 
27970 
23468 
675 
30768 
12878 
39339 
45705 
64939 
60775 
19777 
7587 
3033 
702 
55365 
8763 
26008 
17046 
28031 
50508 
15115 
25138 
41690 
25192 
65014 
42184 
46757 
50122 
28248 
45373 
32379 
48946 
27473 
53431 
18164 
38287 
62970 
7333 
65079 
44640 
28964 
915 
29615 
25234 
40798 
61305 
25183 
49834 
61584 
31683 
7873 
14045 
7722 
33225 
20289 
63422 
55364 
46122 
21498 
38016 
13758 
16283 
27110 
37922 
47342 
47802 
63845 
64458 
48171 
30027 
47086 
6318 
5613 
51829 
52313 
45678 
47315 
2585 
43353 
36212 
48742 
4919 
29851 
2814 
40931 
27812 
6382 
5089 
27494 
57552 
23377 
36832 
47981 
23070 
18947 
37943 
2832 
19310 
55737 
2037 
23599 
35342 
61691 
58587 
15659 
21701 
21367 
45719 
30727 
21866 
52061 
17238 
9072 
44256 
31066 
28038 
14936 
11947 
4644 
20079 
49248 
2081 
8526 
65080 
53427 
58327 
48674 
707 
10311 
53622 
17126 
15032 
32931 
46906 
5256 
63383 
59142 
30844 
51053 
37609 
42505 
6889 
5927 
41744 
53943 
15656 
62492 
62110 
25886 
8630 
216 
25249 
38288 
10058 
21842 
16997 
56049 
59170 
31808 
7301 
37797 
61055 
26762 
12141 
15997 
9199 
15737 
21366 
8040 
8174 
27514 
59386 
44071 
13623 
40541 
37290 
2488 
16500 
22632 
12395 
56404 
3505 
54122 
23088 
36357 
17909 
61648 
38268 
63728 
56220 
3046 
45284 
6175 
62067 
59369 
37020 
42950 
38296 
16945 
4540 
4898 
38515 
25647 
7542 
54526 
19052 
55028 
21559 
11918 
48045 
24074 
60253 
11352 
42303 
53091 
39315 
14014 
22923 
24875 
9502 
62025 
949 
51119 
1286 
57216 
52173 
64386 
48620 
22792 
20952 
6882 
15952 
29612 
21397 
11224 
22856 
12742 
16666 
28823 
26402 
17884 
58109 
5380 
42940 
33042 
29051 
49145 
29224 
31601 
52468 
31630 
23280 
13116 
1150 
46328 
109 
12667 
46513 
16096 
31709 
35822 
3596 
32628 
65100 
27269 
39506 
27122 
55729 
23864 
51670 
24779 
20362 
29578 
16251 
31436 
33776 
12770 
57645 
55044 
10476 
55961 
53961 
48521 
45234 
33208 
14946 
7943 
42624 
3969 
34597 
48274 
35916 
28353 
31249 
24319 
46134 
58803 
30015 
44764 
3908 
64413 
43567 
11311 
36972 
21614 
17401 
49291 
58000 
44906 
9178 
35286 
37613 
8278 
18012 
57858 
10168 
717 
53592 
9836 
6579 
18932 
43690 
13892 
27047 
34840 
9051 
305 
46907 
52442 
16925 
57916 
25725 
17349 
40739 
60317 
12938 
58074 
27492 
16619 
59567 
55187 
775 
13190 
25675 
35519 
33903 
42126 
15605 
23098 
1466 
41902 
31239 
40052 
59811 
8222 
12087 
34139 
42460 
12312 
17186 
26516 
52932 
61867 
42869 
23748 
59928 
56209 
10440 
56511 
61246 
34834 
56841 
32359 
65421 
5790 
6960 
56409 
21995 
36493 
16037 
37386 
57 
39958 
63165 
37041 
21524 
38757 
16162 
11312 
20116 
23971 
15851 
28392 
5422 
52596 
27874 
6928 
49484 
3337 
39455 
50399 
17670 
64036 
36735 
29914 
53935 
38188 
48684 
25580 
54872 
12984 
27432 
7660 
15710 
9599 
2691 
62967 
18708 
9776 
42966 
42212 
56972 
55259 
57532 
16118 
802 
9736 
18514 
52488 
59084 
44637 
38049 
36446 
21897 
43414 
9197 
62299 
62456 
37605 
27212 
26563 
10583 
44557 
7523 
15808 
64007 
8268 
50316 
44100 
36603 
34081 
30715 
14133 
47660 
12829 
35310 
18261 
4929 
20369 
6708 
40294 
22501 
48795 
62487 
4392 
57621 
40327 
52202 
36318 
62612 
33086 
57860 
4913 
45459 
23754 
22594 
7462 
6334 
44352 
20129 
35173 
38508 
11938 
52619 
49190 
54194 
42727 
24628 
21186 
49556 
60375 
32529 
41856 
65054 
19934 
6910 
50031 
37088 
9812 
6311 
32822 
54455 
18988 
47133 
11187 
20730 
11105 
43785 
1167 
29286 
17849 
42635 
16754 
51653 
62046 
35555 
13646 
52114 
46487 
64183 
153 
33648 
37590 
53938 
58508 
62477 
7006 
1525 
23349 
26371 
43501 
14250 
21679 
42441 
39157 
30564 
38703 
34985 
24157 
41659 
61552 
45845 
39246 
28862 
10073 
39308 
32199 
23467 
32572 
14483 
61413 
49816 
34937 
44737 
41965 
23120 
50015 
59964 
9112 
40015 
60740 
28582 
3039 
16533 
19647 
52841 
38632 
22127 
15946 
4225 
51214 
31173 
5766 
47865 
13950 
59225 
13314 
5791 
44333 
58028 
43905 
56343 
37420 
53258 
47008 
58902 
30430 
6885 
30664 
5655 
58017 
58287 
20841 
6871 
36100 
16397 
42701 
16729 
35447 
43282 
59994 
4297 
43375 
62638 
17084 
42119 
57025 
64377 
59366 
62313 
48879 
30855 
22142 
57672 
31282 
50317 
39747 
2541 
29036 
33359 
6750 
37800 
48309 
44479 
47116 
35527 
54306 
13253 
59886 
58417 
40107 
25581 
11973 
21191 
41594 
49986 
58429 
29552 
56664 
38443 
51347 
2268 
55592 
6653 
50612 
46732 
45604 
12472 
15672 
24737 
43595 
17113 
10852 
61283 
11300 
41258 
5614 
23732 
21869 
8339 
64697 
41375 
4155 
34176 
8134 
29758 
19801 
62318 
21206 
13742 
13143 
42764 
2070 
34057 
59121 
53498 
34498 
59859 
2547 
22977 
38606 
51585 
5078 
29995 
44513 
4831 
19641 
1921 
64649 
48448 
46759 
26614 
50242 
7641 
19178 
59244 
20762 
6786 
10859 
1570 
29693 
31484 
42520 
58987 
50795 
5413 
47535 
47032 
46997 
24460 
36705 
46097 
39327 
30406 
42074 
2627 
6136 
8226 
39892 
18183 
21121 
19287 
14966 
6687 
10714 
24408 
26800 
12909 
56901 
28958 
24822 
40586 
41565 
29950 
40068 
35522 
54993 
22932 
19626 
30240 
39834 
28459 
6150 
56700 
48669 
34637 
22512 
51189 
14176 
11960 
24659 
21462 
52214 
64510 
1443 
21763 
20785 
46172 
11789 
8174 
44135 
22189 
6493 
24607 
35658 
22250 
28148 
52576 
30283 
41605 
71 
27096 
65079 
27401 
21645 
44375 
26884 
54206 
24140 
4682 
11611 
57784 
35826 
12336 
15299 
65395 
6480 
46727 
3003 
17456 
28325 
29353 
7492 
35081 
10826 
31797 
55630 
53125 
59617 
62496 
52795 
20661 
6171 
15089 
4348 
209 
2426 
18530 
55379 
58911 
50594 
25713 
35718 
18362 
39768 
28540 
34246 
55971 
2526 
58611 
6265 
15173 
29670 
63614 
8255 
11117 
4101 
8198 
24620 
29332 
26375 
30146 
52263 
17616 
7681 
27366 
17235 
13172 
57585 
14018 
39961 
26332 
59385 
28969 
28920 
63272 
61400 
64413 
8804 
53695 
13939 
8008 
49791 
13736 
44774 
2832 
60353 
9351 
48669 
38435 
49409 
32242 
26659 
46965 
21510 
26865 
14298 
39802 
4254 
32805 
31944 
14800 
20682 
60492 
8696 
27017 
5187 
44062 
4958 
37132 
63268 
56979 
40585 
11154 
6527 
41780 
20482 
29596 
55498 
21632 
44700 
4275 
30824 
10110 
47677 
49325 
26559 
23004 
47965 
29013 
28487 
35948 
7728 
46411 
57611 
18599 
25477 
40210 
35191 
10734 
17434 
32852 
3428 
5630 
13888 
20973 
61932 
19642 
31350 
21457 
58139 
53892 
35408 
35996 
22083 
20309 
21570 
65036 
59238 
58782 
14823 
27529 
39275 
44586 
55816 
29962 
43301 
1029 
58894 
4322 
47085 
64991 
6078 
54488 
42741 
34519 
34710 
21249 
4182 
16965 
61356 
46573 
455 
5909 
37361 
48709 
16401 
20682 
38798 
27764 
54669 
64872 
10289 
62015 
30594 
35314 
34457 
4417 
15302 
43730 
39937 
33517 
33133 
771 
16087 
7955 
1937 
56859 
49967 
26381 
63811 
64452 
38372 
24220 
61198 
8744 
11412 
27049 
58140 
52400 
61474 
64236 
1297 
18877 
54938 
36673 
44616 
31283 
58703 
34123 
54939 
8490 
6731 
12069 
13017 
62103 
18633 
42792 
28431 
47323 
64413 
30867 
25155 
35773 
55692 
48653 
54781 
47683 
5680 
17334 
58005 
55818 
65465 
60962 
18134 
60880 
47419 
10273 
39329 
60016 
36549 
25423 
19629 
8343 
19131 
54560 
22506 
48 
42847 
25223 
18530 
62643 
1782 
47339 
57132 
35067 
64403 
43687 
61937 
31908 
12211 
1310 
19472 
41011 
47351 
15954 
30326 
19982 
3078 
15546 
53664 
56835 
13344 
60086 
62125 
53252 
24652 
27456 
16992 
54944 
21512 
60124 
63930 
45385 
21529 
6209 
62603 
55518 
13938 
45276 
64666 
46323 
59510 
45854 
966 
49812 
19972 
22466 
59750 
46614 
21017 
62761 
41274 
23530 
39342 
39272 
16444 
50813 
59893 
50823 
7746 
43409 
48870 
44659 
28634 
33966 
23728 
33895 
16801 
4641 
1554 
63467 
15629 
25022 
3792 
25898 
64352 
37350 
2346 
43495 
6100 
50580 
36184 
65326 
29954 
29831 
55168 
2868 
38865 
34300 
54105 
7551 
47733 
57957 
41556 
15869 
25471 
2076 
50718 
62372 
38453 
60037 
47563 
41193 
61013 
44306 
28585 
19992 
45079 
10324 
47231 
27096 
28549 
30885 
60794 
51482 
5739 
28650 
62723 
15175 
22165 
12729 
27818 
53040 
43563 
41352 
24045 
40711 
28400 
7474 
9689 
49008 
54754 
26473 
43953 
17527 
54740 
19129 
3999 
15152 
28871 
60509 
52719 
5387 
43950 
45069 
33486 
13376 
10134 
12026 
3653 
60206 
25705 
53264 
24206 
11368 
11278 
13025 
64774 
33466 
13385 
48224 
37981 
47295 
5258 
7159 
28878 
6770 
50502 
44588 
44666 
27414 
43645 
49951 
30088 
44777 
13764 
57731 
40460 
18337 
51669 
30729 
43869 
33071 
23707 
24663 
55686 
45267 
8886 
16598 
13382 
43455 
64272 
33069 
42142 
2725 
62165 
14593 
18685 
56182 
14805 
58241 
51425 
45116 
44035 
21285 
19327 
60820 
27847 
44656 
14213 
65369 
51469 
27634 
24875 
32940 
61931 
49107 
59019 
53921 
2687 
44729 
59674 
43099 
9492 
59535 
32662 
10634 
18911 
8456 
4226 
64787 
33457 
34288 
13299 
24719 
48925 
61847 
1222 
1645 
61949 
6126 
46270 
56633 
2461 
39525 
14048 
18318 
16815 
10554 
1010 
3666 
42431 
55502 
52216 
60115 
64790 
52448 
41743 
61670 
38800 
51785 
42619 
27933 
40276 
62619 
49053 
33458 
20205 
36878 
44171 
55680 
60858 
14779 
43215 
36577 
26201 
30848 
22269 
49372 
14045 
41002 
31591 
23505 
48575 
12604 
27495 
7267 
37421 
11903 
8222 
32462 
41675 
28593 
45202 
30538 
25334 
58566 
53542 
4369 
24705 
53023 
16967 
45037 
43862 
65497 
29501 
26593 
30331 
34579 
44883 
27314 
53500 
63122 
35444 
23156 
37858 
53427 
37934 
48121 
30147 
47757 
36924 
31335 
43498 
35840 
16114 
29251 
1396 
43597 
35577 
56780 
64903 
62337 
9482 
44138 
9402 
18153 
28432 
31627 
26446 
59879 
25514 
43851 
35361 
40945 
35605 
20229 
52130 
3167 
26305 
53793 
10727 
35528 
32604 
58239 
41176 
11557 
8952 
28045 
5839 
53518 
30429 
8153 
39471 
11034 
62868 
18264 
3816 
51396 
32303 
18917 
44405 
12440 
59983 
63852 
34598 
30407 
6116 
53079 
29971 
39326 
44091 
7817 
29068 
62454 
34665 
37801 
64072 
17078 
40121 
14081 
26487 
55477 
10319 
45044 
62898 
30318 
6954 
25454 
38801 
35763 
20337 
14808 
40000 
2623 
23336 
21375 
34901 
43569 
7885 
20327 
27025 
5957 
64699 
26913 
51402 
19700 
22073 
34445 
35078 
5132 
38822 
8377 
6612 
49491 
60937 
36236 
55434 
54081 
26909 
29194 
6018 
1426 
6834 
32459 
61349 
2191 
38505 
16184 
54941 
2211 
22736 
36436 
47311 
3208 
54971 
44497 
62038 
27746 
1156 
53186 
53397 
30925 
25698 
42603 
42460 
59527 
28033 
45876 
29667 
2033 
46149 
20356 
17458 
5702 
11048 
3690 
8894 
63260 
10476 
42369 
24637 
47755 
65336 
28521 
49070 
12961 
13710 
34082 
35914 
54808 
15461 
43779 
17905 
549 
13050 
27093 
50065 
40862 
18652 
17443 
42954 
23226 
8414 
28226 
24719 
39828 
12104 
61940 
20114 
6485 
10405 
37512 
2980 
16629 
11311 
8508 
26048 
21852 
10198 
17658 
30657 
37253 
31096 
39733 
25203 
22701 
26095 
50590 
49080 
21959 
14896 
11224 
8956 
24543 
17663 
14041 
31191 
846 
35652 
35603 
55485 
19640 
59882 
5235 
40450 
775 
52428 
60966 
56043 
56464 
11182 
2456 
23707 
58426 
50162 
26429 
51466 
40899 
60138 
24678 
23478 
40379 
2448 
42516 
47844 
47099 
59529 
9587 
26997 
41635 
41390 
49319 
18789 
65273 
36457 
8593 
23929 
19749 
60311 
25188 
62570 
56490 
4653 
35368 
64626 
63009 
38017 
51932 
59803 
53093 
46494 
39181 
25829 
31809 
18812 
30787 
46842 
20235 
50397 
46471 
61469 
34837 
9742 
11189 
17077 
14432 
44403 
57050 
15928 
51065 
24195 
5296 
65502 
58839 
54168 
253 
22887 
33430 
23422 
38823 
50725 
38824 
17367 
24397 
54733 
14182 
15769 
32299 
8461 
46241 
61063 
30547 
46655 
4792 
57585 
37142 
20118 
38270 
62431 
63396 
6402 
21384 
27715 
33217 
28387 
64145 
6782 
38580 
1039 
55267 
34569 
15051 
11059 
14929 
6950 
17769 
65208 
16263 
2028 
32970 
63598 
5435 
20286 
4389 
28098 
9965 
25121 
45336 
34069 
1941 
4974 
19253 
29774 
46034 
1118 
6799 
34130 
61424 
52498 
6121 
15295 
22365 
4660 
24751 
27145 
21664 
57846 
32232 
5439 
7751 
56121 
35909 
10291 
22024 
50922 
51790 
64623 
64572 
17497 
5405 
41283 
41727 
33412 
10962 
61504 
24918 
17725 
24706 
35277 
58917 
15384 
7055 
53931 
51571 
8956 
61142 
22744 
2158 
58584 
26360 
19824 
60751 
3867 
29830 
9533 
22628 
45171 
60431 
40248 
40911 
60147 
35540 
56227 
17898 
58922 
6183 
33525 
53378 
3667 
1059 
53864 
10590 
1928 
61594 
12909 
61307 
7169 
64476 
15980 
5424 
42394 
17620 
49262 
25910 
18728 
13433 
7919 
51933 
56338 
4874 
2521 
3835 
18349 
57671 
19560 
12288 
31797 
53172 
40595 
35498 
13764 
8288 
36389 
10096 
9744 
50213 
35905 
13535 
45951 
8034 
38940 
45233 
8970 
18609 
6319 
3747 
2700 
20196 
10532 
5169 
18433 
63900 
4525 
27591 
61018 
61742 
54885 
21274 
59479 
24459 
61385 
8303 
18272 
56064 
62717 
28302 
63132 
13790 
62273 
51958 
51680 
31028 
42069 
58265 
52757 
63519 
19871 
13307 
21515 
10374 
11402 
46163 
41865 
3057 
43686 
51647 
61449 
34638 
10945 
46565 
51604 
41029 
52755 
36857 
51243 
52931 
55494 
2438 
24576 
61695 
59774 
17923 
27799 
43694 
3069 
33596 
29473 
46098 
54490 
41732 
56686 
64438 
3785 
21398 
8869 
49531 
54617 
27504 
24871 
20988 
15472 
31650 
5187 
53762 
49983 
14648 
64361 
26712 
19567 
62040 
8974 
25865 
16814 
54525 
15977 
31613 
11898 
5754 
33913 
22410 
145 
32226 
37711 
44681 
43750 
44442 
63530 
58566 
8982 
7721 
27943 
25715 
4100 
9723 
57570 
34653 
46763 
30069 
45385 
31258 
32714 
27954 
42742 
12513 
57187 
32138 
13990 
25272 
6591 
9244 
54690 
25955 
40588 
62831 
49596 
62406 
64112 
23534 
53682 
15517 
24817 
3917 
3760 
37897 
36005 
22379 
57359 
338 
15356 
30974 
59728 
20891 
6537 
45438 
18729 
7935 
50806 
62296 
32435 
34886 
21571 
50498 
511 
17669 
37632 
61887 
11977 
8845 
31874 
5997 
45343 
2847 
10552 
63491 
23925 
16701 
4793 
26691 
13567 
25848 
55135 
43763 
43012 
8054 
37113 
12696 
53528 
64576 
49287 
33878 
5578 
40424 
18256 
24928 
43240 
26454 
41337 
61032 
33526 
32306 
59197 
31581 
4469 
12620 
17795 
56493 
65449 
47873 
29138 
53684 
17246 
61621 
34504 
23950 
9930 
28245 
28503 
20324 
55268 
23208 
39528 
13380 
55020 
22118 
18808 
53794 
29281 
40725 
7992 
29961 
34351 
42126 
9847 
4196 
12258 
62255 
50668 
23493 
37570 
13267 
50131 
2613 
23232 
44844 
48906 
49274 
22213 
38529 
533 
37861 
54575 
33008 
23181 
30544 
513 
20873 
24879 
48193 
59709 
64226 
39796 
39381 
58570 
17183 
12796 
60805 
57453 
38902 
63225 
63607 
21377 
25617 
9133 
29641 
53394 
8278 
34017 
4476 
58307 
41961 
27800 
5963 
24063 
45240 
38480 
45477 
7679 
34463 
52275 
45386 
24876 
54914 
6952 
11988 
61851 
58437 
9582 
48430 
16823 
16190 
42092 
13986 
52960 
1650 
25713 
58431 
26813 
38449 
55569 
13686 
60174 
32341 
17230 
4330 
26181 
53160 
3880 
337 
6239 
65028 
19934 
24529 
35563 
16888 
23867 
24503 
7303 
37185 
61083 
10368 
49127 
3017 
32189 
55536 
33464 
64291 
60905 
748 
61336 
54095 
45841 
60283 
36984 
63220 
37233 
11438 
21431 
43512 
23762 
20803 
478 
31107 
12922 
52486 
21202 
32560 
30752 
21850 
16606 
11605 
7376 
12190 
47737 
59006 
48646 
64639 
12552 
53210 
53629 
50802 
50884 
13229 
65137 
26631 
15580 
51659 
52220 
54054 
2458 
47824 
40989 
15970 
28847 
26590 
15501 
3299 
20828 
18222 
62630 
29470 
26625 
24583 
13534 
25824 
5707 
4079 
25050 
20951 
29072 
1700 
2046 
32640 
25413 
37244 
18789 
55557 
40735 
3640 
32302 
51902 
820 
37479 
29832 
58690 
23491 
24642 
26940 
58796 
60055 
23233 
40701 
51449 
3922 
42884 
42073 
36064 
55901 
12897 
27585 
28334 
1636 
28192 
341 
5548 
3244 
60511 
38220 
37270 
17764 
21685 
9205 
57137 
42205 
56546 
29681 
5331 
7989 
45169 
32741 
37175 
65393 
3104 
43472 
39797 
38112 
63000 
38066 
22179 
21445 
53918 
36869 
62044 
39026 
40479 
48428 
35799 
29726 
51121 
47148 
54371 
24540 
15443 
56435 
1783 
58389 
46722 
10178 
13906 
45621 
19301 
20694 
57059 
43787 
45089 
34462 
14508 
10068 
35201 
8600 
36022 
19819 
33690 
35566 
56316 
23287 
58989 
48517 
24943 
24794 
47024 
16703 
2317 
19215 
27146 
31781 
455 
13382 
58163 
3782 
25211 
10059 
11368 
41481 
46447 
50590 
63422 
25916 
25258 
20808 
56140 
17818 
51532 
23475 
7852 
34356 
63060 
54617 
47722 
53475 
32567 
29824 
4177 
41821 
47954 
38559 
5876 
57974 
23777 
22973 
20567 
34525 
15377 
1048 
20480 
32996 
10584 
27766 
53032 
6372 
17694 
22415 
46413 
64065 
44249 
65269 
62213 
16415 
17188 
38511 
24673 
48348 
57043 
55383 
17981 
14330 
6578 
36489 
11094 
13194 
18284 
9349 
54813 
22425 
14493 
52471 
25069 
33761 
1477 
40290 
26525 
22299 
7936 
23224 
7528 
289 
61936 
27215 
29114 
50782 
361 
22282 
49072 
58821 
12659 
36873 
13791 
51734 
59046 
60431 
12249 
36814 
47897 
13983 
29133 
48860 
3099 
21908 
60134 
37894 
56128 
20300 
37682 
39978 
7739 
10070 
17771 
57667 
13518 
10028 
2059 
8635 
33560 
51500 
25150 
6809 
17835 
9953 
47531 
60109 
24674 
18572 
352 
52162 
53451 
23265 
37680 
25462 
56984 
38011 
1321 
63341 
21998 
55903 
52578 
2148 
15932 
26759 
30826 
52451 
16982 
36686 
25357 
59031 
26901 
50704 
44540 
12424 
56728 
54946 
14290 
36959 
60101 
2627 
27145 
63172 
60230 
23142 
53868 
51051 
63644 
18329 
55764 
25153 
36467 
299 
49823 
753 
55086 
22013 
37673 
10181 
2315 
65436 
44181 
25199 
24550 
28184 
39130 
64806 
3241 
7809 
28988 
37277 
43279 
56313 
22398 
8230 
46900 
17003 
59212 
44248 
63994 
18053 
1432 
59903 
25008 
54993 
52167 
55110 
44636 
15470 
15041 
27537 
44926 
65055 
10690 
21100 
17248 
20776 
48402 
15638 
29541 
48499 
37726 
20978 
19236 
8326 
48479 
20477 
11866 
46792 
36625 
22655 
5211 
32657 
40047 
23449 
65284 
1369 
15337 
34520 
45899 
41026 
14252 
64847 
7471 
42700 
15877 
24063 
12944 
3768 
3174 
1159 
35243 
20283 
29772 
35020 
47956 
58438 
17731 
33090 
25651 
3644 
58862 
18097 
17870 
15973 
17535 
46496 
878 
9070 
4789 
5726 
39945 
19750 
11142 
43345 
17997 
25409 
35115 
22455 
401 
64695 
7297 
52951 
5645 
45069 
12512 
14008 
36736 
58209 
18336 
55639 
19923 
37540 
19072 
12731 
23767 
1040 
25242 
18533 
17653 
1786 
27762 
21009 
45223 
47977 
57186 
3673 
37989 
32091 
16776 
47945 
60803 
16437 
11845 
7084 
23588 
45035 
39141 
546 
50667 
65023 
41851 
44224 
60495 
64134 
13979 
63309 
16463 
46898 
47097 
16483 
48929 
22932 
55112 
51853 
33864 
195 
60283 
25733 
39748 
39570 
45190 
27050 
19359 
9392 
43006 
60997 
34217 
53489 
12323 
46363 
21160 
57076 
7159 
8086 
15965 
57469 
12033 
19260 
21756 
18118 
58714 
60156 
37631 
44843 
60363 
22415 
1604 
41585 
27209 
13228 
16261 
55873 
24232 
62020 
43631 
60948 
57797 
36173 
35700 
65515 
12355 
40853 
24763 
28134 
46028 
9702 
10930 
31883 
10233 
8181 
30430 
41275 
36495 
30268 
14502 
10959 
19700 
27771 
39016 
25607 
27732 
3831 
3692 
41232 
32048 
53378 
6911 
11421 
23483 
19925 
500 
4355 
31041 
6586 
41413 
14647 
51674 
23347 
56465 
54944 
39558 
9600 
4832 
8552 
16325 
49425 
37333 
46579 
21356 
8048 
32871 
50542 
44466 
29152 
5958 
34886 
11576 
22441 
50468 
7024 
27866 
25577 
24716 
587 
7216 
52083 
61954 
46704 
33028 
42824 
42877 
63896 
20508 
11515 
38992 
8950 
721 
63446 
45245 
5236 
32649 
36247 
58811 
23902 
40844 
60580 
17704 
50937 
14098 
60613 
46699 
3259 
14170 
18465 
55087 
20176 
43171 
42676 
30778 
18321 
30687 
11083 
39843 
51467 
19023 
62535 
26860 
60379 
44047 
60541 
64292 
47314 
34203 
49338 
42847 
54623 
31849 
57129 
538 
35865 
31493 
21873 
30012 
21164 
17220 
22417 
15997 
23247 
16753 
33020 
63024 
59039 
38942 
4172 
30845 
53635 
28288 
6974 
4730 
32424 
64709 
34267 
24276 
34921 
46076 
58970 
42832 
23699 
13728 
61241 
52079 
7944 
51692 
31880 
62094 
58427 
22368 
28932 
65394 
46576 
46869 
55058 
47037 
30149 
40357 
47601 
16489 
22896 
20901 
63332 
27725 
41381 
21449 
31318 
54580 
47443 
30508 
62743 
9413 
18462 
20965 
4965 
29010 
64597 
19 
5439 
40974 
20133 
5964 
57232 
33 
44907 
2772 
20558 
54652 
2534 
10249 
55736 
42219 
27253 
13794 
7852 
64683 
58047 
41790 
25683 
49840 
24638 
45781 
15040 
4311 
25192 
62784 
41321 
14546 
43933 
46738 
55826 
2779 
50013 
4358 
44705 
36886 
53265 
21626 
48334 
54816 
44221 
39110 
27813 
52384 
24706 
15192 
10354 
54675 
7994 
23618 
33101 
53734 
34507 
28236 
26207 
58517 
29948 
9209 
23111 
38387 
50745 
63114 
45286 
28750 
14204 
21107 
54398 
51604 
36489 
52140 
28771 
33807 
37374 
4549 
36873 
17576 
55965 
62115 
23116 
27760 
8158 
60561 
15491 
55745 
56326 
19099 
4458 
56590 
19644 
28755 
31256 
19803 
4018 
56918 
57502 
14198 
17166 
60341 
12720 
40032 
40410 
13698 
42061 
22127 
31909 
14947 
60841 
15064 
41904 
61485 
7235 
26804 
1959 
62075 
59898 
17076 
63501 
19664 
16330 
64808 
22642 
63002 
59589 
63492 
7117 
24980 
46009 
32738 
29412 
2957 
1129 
50762 
15570 
50769 
39679 
63177 
33949 
15846 
11435 
29935 
35601 
39820 
27434 
36068 
32304 
4826 
54370 
16450 
38508 
1034 
20515 
1850 
34864 
16299 
42891 
46187 
23445 
10873 
4764 
28159 
31611 
18168 
2542 
6226 
12996 
41137 
16526 
50125 
35624 
7580 
51146 
49863 
24537 
37502 
24996 
57214 
36900 
43806 
15140 
4779 
1866 
58631 
50999 
16435 
2476 
2159 
8109 
23225 
23352 
24455 
27270 
10444 
30269 
21230 
21444 
64611 
46443 
15155 
44719 
15737 
12353 
33273 
8663 
14742 
15604 
59843 
48964 
57073 
38174 
20628 
14369 
18112 
38071 
60158 
7643 
63803 
7168 
64284 
17014 
42925 
6050 
7477 
2672 
34568 
32921 
54953 
46446 
31019 
56401 
35671 
23217 
599 
2555 
15471 
61064 
55279 
16544 
58841 
23899 
11434 
54474 
61266 
219 
21787 
35926 
54136 
8231 
54480 
26230 
13134 
9294 
42470 
29914 
47918 
43937 
11611 
56294 
43141 
52998 
60386 
6740 
16886 
59139 
23230 
40025 
55644 
19335 
40583 
23673 
27690 
41460 
49647 
43847 
5789 
3481 
53028 
15919 
58631 
16345 
1177 
13089 
24692 
2839 
63741 
37907 
21500 
42652 
29260 
13543 
12780 
60745 
1181 
34756 
59713 
60365 
24622 
58830 
20259 
45577 
20675 
36455 
53377 
54418 
36506 
43228 
20635 
15996 
55384 
20919 
52356 
18312 
5421 
12616 
51420 
31327 
33283 
23581 
19930 
48027 
4377 
9615 
35536 
62710 
33687 
27893 
46999 
37339 
38371 
6181 
41404 
32897 
58689 
15713 
2820 
59868 
16341 
28802 
2976 
63296 
17012 
57634 
38706 
13437 
58596 
60883 
2083 
61352 
49483 
56360 
14208 
12789 
49619 
39706 
13247 
14566 
12515 
18094 
40252 
52066 
27501 
54608 
40972 
20030 
9637 
12379 
6386 
46109 
39551 
33805 
47433 
52615 
40291 
25169 
62093 
15704 
36738 
55308 
36711 
12872 
58042 
4576 
16890 
59271 
45748 
60161 
10130 
14166 
9195 
20166 
5148 
38027 
37550 
27857 
23599 
20652 
39594 
47302 
61458 
57665 
9912 
61404 
42104 
12579 
38121 
30205 
36928 
39068 
38147 
6353 
18129 
45805 
672 
4429 
63483 
25036 
59798 
33185 
27605 
12725 
55144 
32789 
36411 
16065 
34983 
18752 
21281 
9616 
57827 
39621 
23732 
18326 
31904 
40377 
20760 
49358 
19867 
51771 
62971 
9662 
65212 
23552 
9016 
27405 
10355 
52041 
27401 
6951 
41975 
63334 
20981 
55258 
61504 
19799 
12816 
57683 
34385 
2127 
60542 
17822 
59940 
19825 
36609 
25965 
11810 
46717 
17130 
9815 
22509 
50193 
12506 
46666 
52257 
20785 
27036 
24763 
20820 
16485 
34232 
6234 
57577 
44084 
34201 
33187 
40446 
26460 
32950 
7201 
59577 
52787 
10407 
12453 
24383 
40814 
4344 
60909 
6297 
17863 
34934 
40523 
8761 
41619 
59991 
20094 
26736 
25166 
24353 
13153 
7463 
18109 
9809 
32839 
59137 
41776 
39260 
20353 
22086 
38065 
12098 
47986 
35834 
27339 
33259 
20441 
24531 
23760 
38958 
43007 
35330 
31588 
53975 
56058 
46447 
16058 
10466 
39564 
34354 
21089 
25650 
38669 
60729 
57140 
36418 
37652 
21849 
47062 
33427 
7605 
52110 
4552 
47111 
31031 
3198 
27421 
14401 
57517 
60167 
40568 
61116 
48898 
16010 
16853 
11900 
11492 
32534 
8767 
30992 
2834 
17375 
17054 
40357 
40522 
37837 
24219 
6767 
28961 
16058 
3855 
52462 
57095 
8615 
64695 
23664 
62396 
52474 
46526 
54377 
51881 
9072 
47255 
26391 
23241 
19864 
53741 
5580 
1627 
21879 
15451 
9818 
61543 
21862 
5484 
666 
34549 
25339 
47271 
54749 
1259 
8065 
42743 
53748 
3726 
7132 
7228 
51861 
22073 
10337 
14346 
8328 
21970 
47811 
10280 
1831 
61331 
6414 
20426 
31925 
51659 
54228 
2827 
21158 
45123 
48740 
44843 
50958 
30852 
5974 
9802 
18145 
31876 
36040 
36152 
19017 
52946 
4186 
5078 
60564 
56251 
15547 
2723 
30963 
19989 
8263 
12949 
11298 
55952 
54935 
33602 
26681 
37459 
21989 
39566 
27747 
18837 
28655 
1650 
40147 
57803 
27736 
63767 
11121 
22340 
51196 
5369 
38775 
43499 
41858 
27925 
28658 
28201 
665 
22436 
15180 
64269 
52705 
7598 
61138 
8180 
53217 
64043 
3353 
60193 
50389 
30063 
24122 
31453 
37588 
42768 
64280 
18424 
30616 
16920 
21279 
4867 
31473 
25764 
27040 
44849 
53249 
61588 
28938 
21031 
3620 
4362 
52336 
16805 
34498 
38011 
3914 
28270 
24102 
51857 
57268 
34020 
16713 
20691 
45806 
33853 
62593 
2118 
61822 
65317 
28175 
6615 
25484 
42828 
28428 
3547 
42584 
30340 
62949 
15315 
33577 
34585 
30851 
10805 
21402 
36952 
20100 
2342 
12569 
28488 
54423 
23137 
16945 
58941 
63582 
42835 
16618 
28858 
41578 
45514 
5359 
2713 
47990 
58324 
36481 
20999 
50035 
36015 
25209 
37850 
1212 
37754 
27453 
60587 
10301 
22907 
44869 
65248 
52464 
9322 
15154 
62791 
5724 
7991 
27340 
61390 
53440 
1913 
22459 
1830 
27304 
33582 
41702 
39019 
51243 
28320 
8086 
13060 
57644 
8327 
50516 
28274 
20605 
58434 
17266 
40116 
31033 
53994 
9266 
4097 
6317 
18779 
23188 
38318 
62745 
19716 
51360 
52076 
31142 
43693 
48860 
47510 
5424 
56100 
21621 
44227 
4043 
12676 
4298 
19168 
23076 
3200 
28237 
26990 
58779 
26310 
12011 
50558 
45440 
26196 
39232 
30994 
28615 
22779 
55428 
5652 
11075 
64016 
28525 
47254 
33077 
53080 
9622 
54874 
13042 
540 
63887 
28650 
42545 
58040 
55132 
24241 
54662 
16697 
45107 
8733 
38154 
18818 
39274 
46072 
64592 
44422 
58419 
4915 
43985 
29628 
20753 
42865 
42709 
13743 
36242 
40051 
38829 
55604 
63637 
33352 
17783 
64175 
50592 
38423 
49497 
37464 
1595 
4738 
37853 
53414 
43581 
50972 
53516 
26647 
64895 
45344 
28922 
5119 
62576 
39126 
21312 
24100 
56505 
57338 
48669 
42009 
63484 
17436 
30558 
40261 
48531 
9088 
58262 
29674 
49593 
63913 
17010 
56412 
64481 
23755 
7450 
36918 
31016 
28279 
55149 
405 
8020 
58944 
10779 
48759 
8411 
215 
56222 
8263 
49715 
49252 
47014 
27489 
14519 
62205 
34160 
55886 
9192 
50150 
48360 
55437 
36613 
34768 
28210 
48268 
20434 
43731 
30289 
9741 
41759 
16564 
14755 
61036 
38554 
9012 
8040 
34313 
29000 
57680 
28781 
47487 
52406 
22885 
57975 
44054 
19537 
17102 
39879 
35502 
49178 
309 
33468 
60448 
59293 
50424 
54490 
43454 
339 
37005 
55329 
35475 
39611 
44716 
29550 
38887 
38536 
17657 
24296 
54791 
54338 
45300 
841 
16294 
37226 
28265 
4445 
20535 
43119 
33570 
3254 
26269 
43468 
15860 
33088 
54652 
38703 
63724 
26105 
65288 
56249 
28437 
18217 
48007 
60705 
25676 
39233 
58870 
17769 
44320 
4513 
51036 
31557 
7410 
58053 
44500 
2216 
15959 
4615 
9374 
24428 
50171 
6983 
64655 
23603 
29342 
18068 
39441 
30198 
2522 
16290 
19843 
11716 
42283 
38306 
2589 
61281 
3786 
19244 
54083 
25126 
37128 
26530 
28632 
20305 
62811 
33213 
53079 
11513 
35390 
338 
17970 
41648 
57235 
11959 
48791 
40774 
55375 
45068 
34634 
8863 
9510 
6182 
9151 
25995 
13218 
46976 
19912 
4155 
25158 
28011 
55417 
2844 
33068 
34490 
10147 
27001 
3898 
60044 
26463 
39239 
47534 
60024 
22388 
1727 
24692 
21976 
13642 
13415 
24547 
28940 
19169 
26821 
37437 
2001 
41129 
16186 
6888 
33747 
54263 
20649 
3961 
42736 
63485 
44140 
13686 
24979 
48825 
42652 
54480 
11585 
21796 
44348 
35179 
7635 
41102 
40693 
32157 
30493 
32528 
3954 
5788 
45189 
16739 
43482 
5937 
49218 
59690 
63302 
64583 
17040 
32861 
18397 
26006 
28127 
16085 
8449 
48279 
30582 
38487 
11768 
22264 
57615 
47328 
6312 
5992 
3055 
8662 
9953 
42731 
2437 
28643 
48085 
43745 
33889 
36527 
17041 
61743 
50487 
20088 
43988 
50847 
23265 
55620 
26044 
8744 
55845 
1542 
53662 
17403 
13468 
18848 
12863 
50938 
23386 
15224 
12579 
25435 
21411 
23449 
28991 
6608 
56847 
61997 
1049 
5814 
22115 
53428 
6851 
52273 
18578 
37059 
6278 
10662 
57903 
16596 
22774 
12172 
4153 
6111 
42913 
27539 
34728 
58753 
14226 
65011 
4823 
42403 
54718 
17197 
3894 
26597 
5181 
24042 
32067 
57501 
13295 
33398 
54151 
41740 
17348 
18355 
47015 
50243 
3381 
30825 
20068 
28233 
15130 
53415 
37055 
50043 
41273 
57017 
33088 
4353 
3569 
28901 
30243 
32328 
45074 
49198 
26801 
51747 
21412 
48925 
58228 
4554 
56015 
40376 
37336 
15693 
3555 
12058 
21918 
4964 
39256 
40842 
52042 
62118 
16482 
29568 
18023 
1900 
49341 
38255 
43034 
31282 
49843 
29461 
3141 
64616 
54163 
50238 
11347 
60186 
63567 
13026 
29824 
54662 
41938 
27730 
31098 
12813 
28624 
40603 
60981 
17766 
49199 
41243 
5091 
26121 
598 
33920 
44566 
58454 
42014 
51199 
55756 
58168 
1638 
53082 
12275 
47632 
15384 
38017 
38893 
8394 
